<svg width="216" height="27" viewBox="0 0 216 27" fill="none" xmlns="http://www.w3.org/2000/svg">
<g clip-path="url(#clip0_2551_11583)">
<path d="M68.854 0.465088C67.4289 0.465088 66.2759 1.61306 66.2759 3.03199V23.5672C66.2759 24.9861 67.4289 26.1341 68.854 26.1341C70.2791 26.1341 71.4321 24.9861 71.4321 23.5672V3.03199C71.4321 1.61306 70.2827 0.465088 68.854 0.465088Z" fill="#00D6C3"/>
<path d="M33.0825 13.9413V21.0003C33.0825 22.4192 31.9295 23.5672 30.5044 23.5672C29.0793 23.5672 27.9263 22.4192 27.9263 21.0003V13.9413C27.9263 12.5224 29.0793 11.3744 30.5044 11.3744C31.9331 11.3744 33.0825 12.5224 33.0825 13.9413ZM30.5044 3.03198C28.9038 3.03198 27.604 4.32613 27.604 5.91974C27.604 7.51336 28.9038 8.8075 30.5044 8.8075C32.105 8.8075 33.4048 7.51336 33.4048 5.91974C33.4048 4.32613 32.105 3.03198 30.5044 3.03198Z" fill="#00D6C3"/>
<path d="M82.0669 13.9413V21.0003C82.0669 22.4192 80.9139 23.5672 79.4888 23.5672C78.0636 23.5672 76.9106 22.4192 76.9106 21.0003V13.9413C76.9106 12.5224 78.0636 11.3744 79.4888 11.3744C80.9175 11.3744 82.0669 12.5224 82.0669 13.9413ZM79.4888 3.03198C77.8882 3.03198 76.5884 4.32613 76.5884 5.91974C76.5884 7.51336 77.8882 8.8075 79.4888 8.8075C81.0894 8.8075 82.3892 7.51336 82.3892 5.91974C82.3892 4.32613 81.0894 3.03198 79.4888 3.03198Z" fill="#00D6C3"/>
<path d="M3.01139 20.5618C3.01139 19.8737 3.27995 19.2284 3.77051 18.74C4.25749 18.2551 4.90918 17.9842 5.60026 17.9842C6.23047 17.9842 6.82845 18.2088 7.29753 18.6188C5.97266 17.2355 5.15625 15.3638 5.15625 13.2996C5.15625 9.04637 8.61881 5.59889 12.8906 5.59889C16.4355 5.59889 18.3584 7.85562 18.3584 7.85562C19.3646 8.85742 20.9974 8.85742 22.0036 7.85562C23.0098 6.85381 23.0098 5.22811 22.0036 4.22631C22.0072 4.22274 18.652 0.465088 12.8906 0.465088C5.77213 0.465088 0 6.21209 0 13.2996C0 16.7578 1.37142 19.8951 3.60579 22.2017C3.22266 21.7418 3.01139 21.1678 3.01139 20.5618Z" fill="#72F951"/>
<path d="M22.0107 18.7399C21.5238 18.2551 20.8721 17.9841 20.181 17.9841C19.4899 17.9841 18.8418 18.2515 18.3512 18.7399C18.3477 18.7471 17.8607 19.3104 16.9476 19.8665C16.4105 20.1945 15.8376 20.4548 15.236 20.6402C14.4876 20.8719 13.6963 20.9931 12.8906 20.9931C12.0993 20.9931 11.3187 20.8755 10.5703 20.6402C9.97233 20.4548 9.39583 20.1945 8.85514 19.8665C7.9349 19.3104 7.43001 18.7471 7.42643 18.7399C6.93587 18.2515 6.28776 17.9841 5.59668 17.9841C4.9056 17.9841 4.25749 18.2515 3.76693 18.7399C3.27995 19.2248 3.00781 19.8737 3.00781 20.5617C3.00781 21.2498 3.27637 21.8951 3.76693 22.3835C3.77409 22.3942 4.62272 23.3354 6.16602 24.2659C7.07194 24.8114 8.03516 25.2463 9.0306 25.5601C10.2767 25.9487 11.5729 26.1483 12.887 26.1483C14.2012 26.1483 15.501 25.9522 16.7435 25.5601C17.7389 25.2463 18.7021 24.8114 19.6081 24.2659C21.1514 23.3354 22 22.3942 22.0072 22.3835C22.4941 21.8987 22.7663 21.2498 22.7663 20.5617C22.7699 19.8737 22.5013 19.2248 22.0107 18.7399Z" fill="#00D6C3"/>
<path d="M40.8164 10.722C42.1842 10.722 43.305 11.7844 43.3981 13.1213C43.4912 8.95011 46.918 5.59532 51.1289 5.59532C54.6738 5.59532 56.5967 7.85205 56.5967 7.85205C57.6028 8.85386 59.2357 8.85386 60.2418 7.85205C61.248 6.85025 61.248 5.22455 60.2418 4.22274C60.2418 4.22274 56.8867 0.465088 51.1253 0.465088C44.0856 0.465088 38.3636 6.08374 38.2383 13.0643C38.36 11.7523 39.4701 10.722 40.8164 10.722Z" fill="#72F951"/>
<path d="M60.2528 18.74C59.7658 18.2552 59.1141 17.9842 58.423 17.9842C57.7319 17.9842 57.0838 18.2516 56.5933 18.74C56.5897 18.7471 56.1027 19.3104 55.1896 19.8666C54.6525 20.1946 54.0796 20.4548 53.478 20.6402C52.7297 20.872 51.9383 20.9932 51.1326 20.9932C50.0907 20.9932 49.0773 20.79 48.1248 20.3871C47.2046 19.9985 46.3774 19.4459 45.6685 18.74C44.9595 18.0341 44.4009 17.2106 44.0142 16.2943C43.6095 15.346 43.4054 14.3371 43.4054 13.2996C43.4054 11.8807 42.2453 10.7256 40.8201 10.7256C39.395 10.7256 38.2349 11.8807 38.2349 13.2996C38.2349 15.0323 38.575 16.715 39.2482 18.2979C39.8963 19.8274 40.8273 21.2 42.0125 22.38C43.1978 23.5601 44.5763 24.487 46.1125 25.1323C47.7023 25.8026 49.3924 26.1412 51.1326 26.1412C52.4468 26.1412 53.7466 25.9452 54.9891 25.553C55.9845 25.2393 56.9478 24.8043 57.8537 24.2589C59.397 23.3283 60.2456 22.3872 60.2528 22.3765C60.7397 21.8916 61.0119 21.2427 61.0119 20.5547C61.0083 19.8702 60.7397 19.2249 60.2528 18.74Z" fill="#00D6C3"/>
<path d="M92.8267 3.45634C93.5213 3.45634 94.173 3.72372 94.6636 4.21214C95.1541 4.70057 95.4227 5.34942 95.4227 6.04106C95.4227 6.63644 95.2222 7.20329 94.8498 7.65963C96.2319 6.38331 98.0796 5.59898 100.113 5.59898C103.658 5.59898 105.581 7.85571 105.581 7.85571C106.587 8.85752 108.22 8.85752 109.226 7.85571C110.233 6.85391 110.233 5.22821 109.226 4.2264C109.226 4.2264 105.871 0.46875 100.11 0.46875C96.6616 0.46875 93.5285 1.81637 91.2153 4.0125C91.6772 3.64885 92.2358 3.45634 92.8267 3.45634Z" fill="#72F951"/>
<path d="M109.241 18.7329C108.75 18.2445 108.098 17.9771 107.404 17.9771C106.709 17.9771 106.057 18.2445 105.567 18.7329C105.56 18.74 105.076 19.3033 104.163 19.8595C103.63 20.1875 103.053 20.4477 102.455 20.6331C101.707 20.8649 100.919 20.9861 100.11 20.9861C99.0679 20.9861 98.0581 20.7829 97.1056 20.3836C96.1854 19.995 95.3618 19.4424 94.6528 18.7365C93.9439 18.0306 93.3888 17.2106 92.9985 16.2944C92.5975 15.346 92.3934 14.3407 92.3934 13.3032C92.3934 12.2658 92.5975 11.2604 93.0021 10.3121C93.3924 9.39938 93.9474 8.57584 94.6564 7.86994C95.147 7.38151 95.4155 6.73266 95.4155 6.04102C95.4155 5.34939 95.147 4.70053 94.6564 4.21211C94.1659 3.72368 93.5142 3.4563 92.8195 3.4563C92.1248 3.4563 91.4731 3.72368 90.9826 4.21211C89.7974 5.39217 88.8664 6.76831 88.2147 8.29775C87.5415 9.88424 87.1978 11.567 87.1978 13.2996C87.1978 15.0359 87.5379 16.7186 88.2111 18.3015C88.8628 19.831 89.7938 21.2071 90.979 22.3872C92.1642 23.5672 93.5464 24.4942 95.0825 25.143C96.6724 25.8133 98.3661 26.152 100.106 26.152C101.42 26.152 102.72 25.9523 103.966 25.5637C104.962 25.25 105.929 24.815 106.834 24.2696C108.378 23.3391 109.226 22.3943 109.237 22.3872C110.254 21.3782 110.254 19.7383 109.241 18.7329Z" fill="#00D6C3"/>
</g>
<line x1="130.593" y1="2.5903e-08" x2="130.593" y2="24" stroke="#D5D5D7" stroke-width="1.18519"/>
<path d="M147.557 18C147.367 18 147.238 17.975 147.168 17.9251C147.108 17.8653 147.078 17.7455 147.078 17.5659V7.77535C147.078 7.59571 147.108 7.48094 147.168 7.43104C147.238 7.37115 147.367 7.34121 147.557 7.34121H151C152.068 7.34121 152.876 7.57076 153.425 8.02984C153.974 8.47895 154.249 9.14762 154.249 10.0359V10.2305C154.249 10.7794 154.109 11.2484 153.829 11.6377C153.56 12.0269 153.216 12.2764 152.796 12.3862C153.266 12.5059 153.65 12.7804 153.949 13.2095C154.249 13.6287 154.398 14.1327 154.398 14.7215V14.961C154.398 16.0688 154.079 16.8523 153.44 17.3114C152.811 17.7705 151.898 18 150.701 18H147.557ZM148.874 16.4431H150.761C151.309 16.4431 151.734 16.3283 152.033 16.0988C152.342 15.8692 152.497 15.485 152.497 14.9461V14.6467C152.497 14.1876 152.367 13.8283 152.108 13.5688C151.848 13.2994 151.474 13.1646 150.985 13.1646H148.874V16.4431ZM148.874 11.6676H150.88C151.389 11.6676 151.764 11.5678 152.003 11.3682C152.253 11.1686 152.377 10.8442 152.377 10.3951V10.2005C152.377 9.75142 152.248 9.42207 151.988 9.21249C151.729 9.00291 151.319 8.89812 150.761 8.89812H148.874V11.6676ZM157.658 17.5659C157.658 17.7455 157.623 17.8653 157.553 17.9251C157.493 17.975 157.368 18 157.179 18H156.355C156.166 18 156.036 17.975 155.966 17.9251C155.906 17.8653 155.876 17.7455 155.876 17.5659V7.77535C155.876 7.59571 155.906 7.48094 155.966 7.43104C156.036 7.37115 156.166 7.34121 156.355 7.34121H157.179C157.368 7.34121 157.493 7.37115 157.553 7.43104C157.623 7.48094 157.658 7.59571 157.658 7.77535V17.5659ZM162.703 18.2096C161.625 18.2096 160.787 17.9202 160.188 17.3413C159.599 16.7625 159.305 15.9441 159.305 14.8862V13.4191C159.305 12.3213 159.599 11.468 160.188 10.8592C160.787 10.2504 161.625 9.94603 162.703 9.94603C163.781 9.94603 164.614 10.2355 165.203 10.8143C165.802 11.3931 166.101 12.2115 166.101 13.2694V14.7365C166.101 15.8343 165.802 16.6876 165.203 17.2964C164.614 17.9052 163.781 18.2096 162.703 18.2096ZM162.703 16.6976C163.781 16.6976 164.32 16.0189 164.32 14.6616V13.494C164.32 12.1367 163.781 11.458 162.703 11.458C161.625 11.458 161.086 12.1367 161.086 13.494V14.6616C161.086 16.0189 161.625 16.6976 162.703 16.6976ZM169.588 18.9731C169.728 19.1627 169.883 19.2924 170.053 19.3623C170.222 19.4321 170.467 19.4671 170.786 19.4671C171.066 19.4671 171.315 19.4272 171.535 19.3473C171.754 19.2775 171.929 19.1826 172.059 19.0629C172.318 18.8134 172.448 18.4541 172.448 17.985V17.2365C172.009 17.6856 171.37 17.9102 170.532 17.9102C169.534 17.9102 168.77 17.6257 168.241 17.0569C167.712 16.488 167.448 15.6646 167.448 14.5868V13.3443C167.448 12.2664 167.742 11.4331 168.331 10.8442C168.93 10.2454 169.773 9.94603 170.861 9.94603C171.929 9.94603 172.757 10.2155 173.346 10.7544C173.935 11.2933 174.229 12.0518 174.229 13.0299V17.8503C174.229 18.8683 173.95 19.6068 173.391 20.0659C172.842 20.535 171.964 20.7695 170.756 20.7695C169.818 20.7695 169.079 20.6098 168.541 20.2904C168.002 19.9711 167.732 19.532 167.732 18.9731C167.732 18.7834 167.867 18.6886 168.136 18.6886H169.124C169.234 18.6886 169.319 18.7036 169.379 18.7335C169.439 18.7735 169.509 18.8533 169.588 18.9731ZM169.229 14.3473C169.229 15.7145 169.773 16.3982 170.861 16.3982C171.939 16.3982 172.478 15.7145 172.478 14.3473V13.4191C172.478 12.7305 172.348 12.2315 172.089 11.9221C171.829 11.6027 171.42 11.4431 170.861 11.4431C170.292 11.4431 169.878 11.6027 169.618 11.9221C169.359 12.2315 169.229 12.7305 169.229 13.4191V14.3473Z" fill="#373739"/>
<defs>
<clipPath id="clip0_2551_11583">
<rect width="110" height="25.6868" fill="white" transform="translate(0 0.465088)"/>
</clipPath>
</defs>
</svg>
