<svg width="242" height="242" viewBox="0 0 242 242" fill="none" xmlns="http://www.w3.org/2000/svg">
<path d="M9.53516 112.377V220.154C9.53516 223.734 10.9575 227.167 13.4891 229.699C16.0208 232.23 19.4543 233.652 23.0343 233.651H219.59C227.044 233.651 233.087 227.608 233.087 220.154V112.377C233.087 107.555 230.514 103.1 226.337 100.69L128.061 43.9467C123.884 41.5372 118.74 41.5372 114.564 43.9467L16.2847 100.69C12.1088 103.1 9.53587 107.555 9.53516 112.377Z" fill="#00D6C3"/>
<path d="M9.1696 112.377V218.565C9.1696 219.478 9.14114 220.401 9.2194 221.312C9.68607 226.538 13.0371 231.063 17.8995 233.034C20.5082 234.083 23.1454 234.019 25.8751 234.019H215.914C217.617 234.019 219.374 234.123 221.072 233.938C226.338 233.342 230.816 229.822 232.638 224.845C233.298 223.026 233.454 221.148 233.454 219.236V120.872C233.454 118.073 233.476 115.275 233.454 112.476C233.453 108.056 231.373 103.893 227.838 101.237C227 100.652 226.129 100.115 225.229 99.6295L214.889 93.6602L197.375 83.5477L176.258 71.3482L155.322 59.253L138.313 49.4488L128.992 44.0677C127.078 42.9625 125.079 42.1135 122.852 41.8621C119.684 41.504 116.648 42.3151 113.916 43.8922L105.378 48.8227L88.8601 58.3589L68.1133 70.3426L46.8614 82.6133L28.8515 93.0151L17.8591 99.3544C17.2805 99.6912 16.6971 100.018 16.1208 100.36C11.8549 102.868 9.21652 107.429 9.1696 112.377C9.1696 112.851 9.89768 112.851 9.90479 112.377C9.95106 107.646 12.4969 103.292 16.5974 100.932C17.3682 100.483 18.1414 100.042 18.9121 99.5963L30.6136 92.8396L48.8749 82.2979L69.9181 70.1482L90.3305 58.3637L106.31 49.1405C109.008 47.5848 111.704 46.0282 114.4 44.4709C117.888 42.4645 121.972 41.9072 125.803 43.3017C126.988 43.7309 128.032 44.3594 129.109 44.9807L139.155 50.7817L156.446 60.7614L177.219 72.7546L198.051 84.7809L215.153 94.6515L225.042 100.367C226.197 101.034 227.328 101.683 228.332 102.582C231.244 105.191 232.712 108.855 232.719 112.723C232.719 115.858 232.719 118.994 232.719 122.129V219.379C232.719 221.731 232.37 224.022 231.277 226.145C228.998 230.515 224.485 233.263 219.557 233.283C218.032 233.298 216.504 233.283 214.979 233.283H25.8135C22.9344 233.283 20.1833 233.328 17.4655 232.048C12.8623 229.851 9.92388 225.212 9.90479 220.112C9.90479 219.341 9.90479 218.57 9.90479 217.799V112.377C9.90479 112.174 9.74021 112.009 9.53719 112.009C9.33418 112.009 9.1696 112.174 9.1696 112.377Z" fill="#00D6C3"/>
<path d="M125.668 83.9485C125.489 79.546 125.974 75.1418 127.105 70.8833C127.451 69.5813 127.866 68.2746 128.592 67.1433C129.317 66.0121 130.392 65.0468 131.694 64.7029C132.502 64.5309 133.33 64.4782 134.153 64.5464C136.544 64.6318 138.97 64.7219 141.237 65.4808C142.078 65.7434 142.868 66.1494 143.571 66.6809C144.519 67.4303 145.191 68.469 145.779 69.5268C146.993 71.6944 147.949 74.1063 147.842 76.5894C147.766 78.3088 147.187 79.9642 146.919 81.6646C146.774 82.6683 146.704 83.6814 146.711 84.6955C146.697 87.8098 147.085 90.9128 147.863 93.9282C148.269 95.4982 148.784 97.1275 148.425 98.7093C148.089 100.187 147.036 101.389 145.949 102.445C143.016 105.291 139.503 107.608 135.586 108.774C131.668 109.941 127.33 109.899 123.585 108.264C123.245 108.15 122.946 107.937 122.727 107.653C122.574 107.353 122.502 107.019 122.516 106.683L122.409 103.988C122.352 103.189 122.369 102.385 122.461 101.588C122.625 100.657 122.916 99.7516 123.327 98.899C124.3 96.7276 125.573 94.7038 127.11 92.887C127.411 92.5337 127.721 91.9929 127.399 91.6609" fill="white"/>
<path d="M99.8931 184.386C103.6 174.215 108.086 164.346 113.312 154.866C113.595 154.278 113.976 153.742 114.44 153.282C115.498 152.334 117.049 152.3 118.472 152.305L162.864 152.495C163.608 152.495 164.42 152.526 164.984 153.007C165.399 153.361 165.601 153.894 165.778 154.409C170.363 167.773 167.311 182.529 162.729 195.893C161.711 198.864 160.521 201.952 158.104 203.956" fill="#373739"/>
<path d="M99.8931 184.386C103.6 174.215 108.086 164.346 113.312 154.866C113.595 154.278 113.976 153.742 114.44 153.282C115.498 152.334 117.049 152.3 118.472 152.305L162.864 152.495C163.608 152.495 164.42 152.526 164.984 153.007C165.399 153.361 165.601 153.894 165.778 154.409C170.363 167.773 167.311 182.529 162.729 195.893C161.711 198.864 160.521 201.952 158.104 203.956" stroke="#373739" stroke-width="0.77"/>
<path d="M101.676 175.559C109.977 176.759 118.289 174.209 126.279 171.688C135.016 168.932 143.801 166.158 151.954 161.981C156.296 159.754 160.516 157.11 165.271 156.01C167.524 160.814 166.656 166.651 164.109 171.306C161.561 175.962 157.53 179.624 153.341 182.885C145.985 188.613 137.938 193.394 129.388 197.114C125.807 198.672 122.093 200.053 118.206 200.434C115.032 200.749 111.827 200.394 108.798 199.393C105.66 198.354 102.613 196.471 101.128 193.516C100.654 192.582 100.054 191.382 99.0176 191.498" fill="#373739"/>
<path d="M101.601 175.836C110.292 177.596 119.29 174.508 127.501 171.956C135.941 169.331 144.42 166.632 152.305 162.595C156.591 160.402 160.727 157.852 165.454 156.702L164.642 156.372C167.175 161.998 165.397 168.451 161.993 173.289C158.49 178.269 153.384 182.064 148.449 185.526C143.286 189.139 137.825 192.306 132.125 194.994C126.282 197.75 120.059 200.33 113.461 199.588C110.169 199.218 106.654 198.127 104.107 195.928C102.995 194.98 102.286 193.834 101.593 192.561C101.041 191.546 100.282 190.644 99.0297 190.689C97.9957 190.725 97.991 192.286 99.0297 192.297C99.689 192.297 100.021 193.18 100.287 193.673C100.6 194.279 100.961 194.86 101.366 195.409C102.173 196.445 103.14 197.346 104.231 198.077C106.69 199.758 109.671 200.686 112.6 201.101C119.376 202.061 125.705 199.697 131.765 196.913C137.884 194.1 143.735 190.74 149.248 186.874C154.307 183.316 159.423 179.424 163.056 174.354C166.905 168.982 168.707 161.875 165.902 155.64C165.736 155.359 165.403 155.223 165.088 155.308C161.142 156.256 157.568 158.182 154.013 160.086C150.145 162.165 146.156 164.009 142.067 165.61C137.933 167.227 133.724 168.636 129.498 170C125.271 171.363 121.093 172.767 116.805 173.834C111.808 175.077 106.82 175.635 101.681 175.257C101.538 175.26 101.419 175.367 101.4 175.508C101.381 175.65 101.468 175.784 101.605 175.824L101.601 175.836Z" fill="#373739"/>
<path d="M100.277 184.49C103.455 176.15 107.146 168.015 111.329 160.131C112.311 158.284 113.226 156.337 114.412 154.587C115.685 152.689 118.38 153.142 120.362 153.164L134.293 153.225C143.658 153.266 153.029 153.292 162.392 153.351C163.625 153.351 164.467 153.351 164.955 154.639C165.319 155.648 165.625 156.678 165.873 157.722C166.415 159.854 166.787 162.026 166.985 164.218C167.349 168.502 167.217 172.815 166.594 177.069C165.873 181.897 164.775 186.662 163.31 191.318C162.038 195.471 160.872 200.368 157.618 203.472C156.973 204.091 157.907 204.945 158.566 204.421C161.858 201.86 163.051 197.648 164.298 193.846C165.798 189.35 166.978 184.754 167.827 180.091C168.615 175.627 169.039 171.079 168.842 166.547C168.746 164.267 168.486 161.998 168.062 159.757C167.666 157.665 167.216 155.383 166.307 153.446C165.37 151.447 163.343 151.624 161.434 151.617L153.878 151.587L138.766 151.525L123.417 151.463C121.128 151.463 118.712 151.226 116.442 151.553C114.383 151.855 113.347 153.076 112.41 154.836C107.362 164.299 103.049 174.136 99.5087 184.26C99.338 184.749 100.097 184.945 100.277 184.471V184.49Z" fill="#373739"/>
<path d="M8.06683 112.377V218.565C8.06683 219.478 8.04074 220.401 8.11663 221.312C8.60312 227.026 12.2753 231.975 17.603 234.097C20.3067 235.176 23.0577 235.119 25.8704 235.119H215.914C217.617 235.119 219.374 235.223 221.072 235.038C226.826 234.42 231.726 230.579 233.701 225.139C234.391 223.242 234.555 221.243 234.555 219.236V120.872C234.555 118.073 234.578 115.275 234.555 112.476C234.541 107.667 232.255 103.147 228.388 100.286C227.55 99.7017 226.679 99.1648 225.78 98.6785L215.442 92.7092L197.928 82.5967L176.797 70.3971L155.863 58.302L138.863 48.4883L129.543 43.1071C127.458 41.9024 125.274 41.0154 122.848 40.7498C119.492 40.3822 116.25 41.2597 113.361 42.9316L104.823 47.8598L88.3052 57.3984L67.5489 69.3821L46.2947 81.6599L28.2942 92.0665L17.3042 98.4034C16.7232 98.7378 16.1398 99.0674 15.5635 99.4089C10.9644 102.119 8.12009 107.039 8.06683 112.377C8.04311 114.274 10.9815 114.274 11.0052 112.377C11.0464 108.036 13.386 104.043 17.1524 101.885C17.9232 101.434 18.6963 100.993 19.4695 100.547L31.1686 93.793L49.4299 83.2512L70.485 71.1015L90.8807 59.317L106.868 50.0891C109.563 48.5334 112.259 46.9768 114.955 45.4195C118.204 43.553 121.949 43.0479 125.508 44.3617C126.585 44.7554 127.562 45.3602 128.551 45.9317L138.597 51.7303L155.891 61.71L176.661 73.7032L197.494 85.7295L214.588 95.6001L224.487 101.316C225.557 101.935 226.622 102.53 227.554 103.36C230.255 105.779 231.609 109.128 231.616 112.721C231.616 115.856 231.616 118.991 231.616 122.126V219.379C231.616 221.534 231.329 223.648 230.326 225.588C228.243 229.619 224.094 232.159 219.557 232.181C218.032 232.195 216.504 232.181 214.979 232.181H25.8135C23.136 232.181 20.5486 232.271 18.0204 231.097C13.7567 229.097 11.0259 224.821 11.0052 220.112C11.0052 219.341 11.0052 218.57 11.0052 217.799V112.377C11.0052 110.487 8.06683 110.482 8.06683 112.377Z" fill="#373739"/>
<path d="M114.559 120.379C103.887 126.308 90.3355 128.584 78.7312 124.088C65.0424 118.785 61.0747 104.845 58.2691 91.6823C56.8651 85.0892 55.8548 78.3729 53.9172 71.9055C53.5235 70.594 53.0895 69.2564 52.2405 68.1821C50.8175 66.3654 48.6997 66.8208 46.8095 65.4856C42.5786 62.4997 41.0204 56.2814 43.3446 51.652C43.7027 50.9406 44.1865 50.2291 44.9691 49.9753C45.3861 49.8448 45.8399 49.913 46.2 50.1603C46.7265 50.5303 46.6862 51.0378 46.6435 51.5145L46.2949 55.4893C45.6849 52.6583 46.4127 49.704 48.268 47.4804C48.4013 47.322 48.5671 47.1942 48.7542 47.1057C49.9803 46.5436 50.7962 48.3365 50.495 49.5627C50.2033 50.7485 49.4894 51.9841 50.0064 53.0869C49.008 50.7485 50.3029 47.8219 52.499 46.6669C52.9501 46.4294 53.4919 46.4412 53.9323 46.6983C54.3726 46.9554 54.6493 47.4213 54.6642 47.931C54.6761 48.4622 53.6777 50.1081 53.6468 50.6251C53.578 51.7896 53.8294 52.1667 54.9963 52.1975C55.4706 52.2117 57.1592 50.6868 57.605 50.4876C60.145 49.3492 63.4083 51.8418 64.6439 54.3367C65.3151 55.6909 65.3934 57.2466 65.704 58.7241C66.3135 61.6317 67.58 63.0333 69.048 65.616C75.5952 77.142 81.6578 88.9273 87.2358 100.972C95.6766 99.5174 103.741 96.387 110.952 91.7653" fill="white"/>
<path d="M114.41 120.123C106.306 124.254 97.2441 126.542 88.1182 125.601C79.9409 124.759 72.366 121.273 67.4853 114.492C63.233 108.563 61.1839 101.384 59.5878 94.3646C58.5538 89.8206 57.7475 85.2315 56.8107 80.6686C56.296 78.1713 55.7387 75.6882 55.0486 73.2241C54.5173 71.3387 54.0217 69.2161 52.7315 67.6793C51.2635 65.9291 48.937 66.1069 47.1512 64.8832C45.3653 63.6594 44.0894 61.6768 43.4491 59.623C42.7986 57.5777 42.7763 55.3844 43.3851 53.3264C43.5384 52.8117 43.7409 52.3129 43.9898 51.837C44.105 51.6047 44.2458 51.3859 44.4096 51.1848C44.5843 50.9222 44.8374 50.7213 45.1329 50.6109L46.008 51.2275C46.2049 51.6592 45.8776 52.7975 45.8373 53.2813C45.7756 54.0165 45.7163 54.7541 45.6499 55.4893L46.876 55.3233C46.4231 53.0655 46.7717 49.852 48.5196 48.1421C48.8184 47.848 49.1362 47.58 49.5014 47.8148C49.722 47.9547 49.8334 48.3626 49.8809 48.595C49.9971 49.1832 49.7836 49.7287 49.6058 50.2765C49.2832 51.2773 49.0247 52.2189 49.3899 53.241L50.5995 52.9066C50.1609 51.7875 50.2012 50.5374 50.7109 49.4488C51.0975 48.6093 52.4896 46.6029 53.5924 47.2598C54.515 47.8053 53.5189 49.0978 53.2414 49.7856C52.9639 50.4734 52.8596 51.237 53.1726 51.92C53.8533 53.3857 55.5608 52.7501 56.5119 52.0457C57.2471 51.5026 57.8352 50.8931 58.8005 50.8362C60.0859 50.7627 61.3523 51.524 62.2796 52.3422C63.3017 53.2167 64.0536 54.3643 64.4472 55.6506C64.848 57.0308 64.9216 58.4965 65.3176 59.8673C66.0125 62.2389 67.5042 64.2191 68.7066 66.3322C71.7186 71.6304 74.6206 76.9902 77.4128 82.4117C80.6334 88.6379 83.7165 94.9314 86.662 101.292C86.8105 101.534 87.0981 101.651 87.3735 101.584C95.7879 100.097 104.162 97.0468 111.22 92.2254C111.794 91.8317 111.282 90.9186 110.667 91.2767C103.299 95.6381 95.527 98.8659 87.0604 100.343L87.7719 100.635C84.8928 94.4104 81.8801 88.2506 78.7338 82.1556C75.6198 76.127 72.4917 70.0391 68.9675 64.2357C68.3011 63.1377 67.5754 62.0681 67.0489 60.8918C66.4204 59.4878 66.2212 57.9984 65.9437 56.502C65.4694 53.8932 63.9871 51.6046 61.6179 50.3121C59.7562 49.2947 57.968 49.3468 56.3055 50.618C55.8312 50.9809 54.2873 52.3208 54.2612 50.9074C54.2446 50.0227 54.9727 49.2472 55.2099 48.3982C55.4426 47.4685 54.9951 46.5025 54.1355 46.0788C53.1584 45.6045 52.205 45.9958 51.4011 46.6171C49.4303 48.1468 48.4935 50.8718 49.3994 53.2363C49.684 53.9786 50.8841 53.6703 50.6089 52.9019C50.0232 51.2655 51.5576 49.705 51.024 47.9832C50.6848 46.8946 49.6769 46.0076 48.5101 46.5175C47.1867 47.0962 46.3756 49.0883 45.9511 50.3643C45.4025 52.0728 45.3093 53.895 45.6808 55.6506C45.8278 56.3858 46.8476 56.1415 46.9069 55.4845C47.0255 54.1612 47.2081 52.8355 47.284 51.5097C47.3338 50.6228 47.118 49.8496 46.2452 49.4393C44.3788 48.5784 43.0269 50.6038 42.4222 52.0481C40.9447 55.6055 41.4617 59.8554 43.5534 63.0547C44.6112 64.6674 46.0792 66.1378 47.9053 66.8184C48.8682 67.1836 49.9449 67.3188 50.8366 67.8619C52.0485 68.5971 52.5845 70.0889 52.9948 71.3695C54.6715 76.606 55.6035 82.0702 56.6708 87.4537C58.3024 95.7543 60.0289 104.394 64.1816 111.881C66.067 115.277 68.5098 118.382 71.5668 120.796C74.9866 123.497 79.0349 125.224 83.2682 126.189C93.8598 128.601 105.452 126.142 114.704 120.63C114.845 120.548 114.892 120.368 114.811 120.227C114.729 120.086 114.548 120.038 114.407 120.12L114.41 120.123Z" fill="#373739"/>
<circle cx="36.9554" cy="36.3908" r="28.0418" fill="#373739" stroke="#373739" stroke-width="0.77"/>
<path d="M61.7338 51.8299C61.3496 51.7493 58.9163 49.7809 56.9527 51.0663C55.3779 52.0979 53.9644 53.5304 53.3787 55.3186C53.2377 55.6422 53.2377 56.0099 53.3787 56.3336C53.5901 56.6279 53.919 56.8157 54.2799 56.8483C55.7981 57.1198 57.3491 56.589 58.3827 55.4443C56.3912 56.3542 55.49 58.6873 56.3526 60.6997" fill="white"/>
<path d="M58.1007 50.3785C56.7939 50.1413 55.3994 51.5263 54.5267 52.3848C53.6539 53.2434 52.4895 54.6829 52.5962 56.0087C52.6934 57.2229 53.929 57.5763 54.9678 57.5953C56.4312 57.5895 57.8213 56.9545 58.7837 55.8521C58.9757 55.6448 58.9899 55.3291 58.8172 55.1054C58.6446 54.8817 58.3357 54.8154 58.0864 54.9485C55.8761 56.1557 54.8326 58.6269 55.8524 60.9985C56.1085 61.5961 57.0927 61.1693 56.8983 60.5574C56.3101 58.698 56.8224 56.8316 58.6651 55.9517L57.9679 55.0458C57.3915 55.639 56.6461 56.0399 55.8334 56.1936C55.4753 56.2553 54.8255 56.3454 54.4579 56.2055C53.8176 55.9683 54.0547 55.3897 54.28 54.8964C54.8919 53.5683 56.6137 51.3556 58.1054 50.9571C58.371 50.8836 58.3995 50.4401 58.1054 50.388L58.1007 50.3785Z" fill="#373739"/>
<path d="M130.873 90.1004C129.27 89.4672 127.64 88.6988 126.64 87.2308C125.639 85.7628 125.606 83.9509 125.76 82.2504C125.945 80.1468 126.471 78.0906 126.872 76.025C127.183 74.4313 127.444 72.8162 127.975 71.2818C129.161 67.8809 132.028 65.6848 135.592 65.2603C139.067 64.8452 142.449 66.4342 144.548 69.1995C144.903 69.6738 145.665 69.2683 145.359 68.7252C142.193 63.1448 134.67 62.2887 129.68 65.9765C127.036 67.9307 126.066 70.8691 125.449 73.9735C124.754 77.4764 123.689 81.2899 124.18 84.8829C124.666 88.4403 127.377 90.4253 130.783 90.7692C131.188 90.8095 131.193 90.2403 130.873 90.1123V90.1004Z" fill="#373739"/>
<path d="M135.398 76.2503C135.582 76.1842 135.787 76.2541 135.892 76.4187C136.052 76.6238 136.07 76.9056 135.939 77.1301C135.867 77.2351 135.754 77.3052 135.628 77.3236C135.502 77.3421 135.374 77.3072 135.275 77.2274C135.202 77.1493 135.152 77.0524 135.13 76.9475C135.099 76.8107 135.093 76.6691 135.114 76.5301C135.12 76.4679 135.142 76.4083 135.178 76.357C135.215 76.3044 135.282 76.2808 135.344 76.2977" fill="#373739"/>
<path d="M135.398 76.3523C135.721 76.3357 136.01 76.8456 135.711 77.0637C135.284 77.3839 135.237 76.4542 135.343 76.4424C135.419 76.444 135.484 76.3885 135.495 76.3133C135.505 76.2382 135.457 76.1672 135.384 76.1483C134.936 75.9681 134.864 76.7412 134.928 76.9997C134.962 77.1888 135.078 77.353 135.245 77.4476C135.412 77.5421 135.613 77.557 135.792 77.4883C135.97 77.4156 136.112 77.2737 136.184 77.0949C136.256 76.9161 136.252 76.7157 136.174 76.5396C136.053 76.2266 135.64 75.8827 135.325 76.1673C135.297 76.1973 135.289 76.2409 135.305 76.2788C135.32 76.3166 135.357 76.3417 135.398 76.3428V76.3523Z" fill="#373739"/>
<path d="M131.12 75.6621C130.921 76.3878 130.788 77.1538 130.527 77.8606C130.29 78.5033 130.053 78.2543 129.669 78.6883C129.145 79.293 129.45 80.1468 129.856 80.7136C129.954 80.8813 130.17 80.9375 130.337 80.8393C130.505 80.7411 130.561 80.5255 130.463 80.3579C130.212 79.7982 129.948 79.3452 130.432 78.8543C130.544 78.7404 130.669 78.7072 130.75 78.5721C130.975 78.2211 130.987 77.6234 131.073 77.2226C131.172 76.7127 131.253 76.2028 131.31 75.6882C131.31 75.5791 131.149 75.5601 131.12 75.6621V75.6621Z" fill="#373739"/>
<path d="M137.777 74.2534C137.248 73.2644 135.538 72.4368 134.492 72.9538C133.887 73.255 133.935 74.1823 134.492 74.4953C134.914 74.7325 135.393 74.6661 135.853 74.7775C136.271 74.8771 136.643 75.0716 137.039 75.1973C137.597 75.3704 138.019 74.723 137.765 74.2487L137.777 74.2534Z" fill="#373739"/>
<path d="M128.924 75.1333C129.107 75.067 129.312 75.1383 129.415 75.304C129.578 75.5079 129.597 75.7918 129.462 76.0155C129.39 76.1203 129.278 76.1904 129.152 76.2089C129.027 76.2273 128.899 76.1925 128.8 76.1128C128.727 76.0347 128.677 75.9378 128.656 75.8329C128.623 75.6962 128.617 75.5544 128.639 75.4155C128.644 75.353 128.666 75.2931 128.703 75.2424C128.741 75.1898 128.807 75.1661 128.869 75.1831" fill="#373739"/>
<path d="M128.924 75.2281C129.246 75.2115 129.536 75.7214 129.237 75.9396C128.81 76.2598 128.763 75.3301 128.869 75.3182C128.945 75.3198 129.01 75.2643 129.02 75.1892C129.031 75.114 128.983 75.0431 128.91 75.0242C128.461 74.8439 128.39 75.6171 128.454 75.8756C128.486 76.0649 128.602 76.2298 128.769 76.3246C128.936 76.4194 129.136 76.4339 129.315 76.3641C129.494 76.292 129.636 76.1502 129.709 75.9713C129.781 75.7925 129.778 75.5918 129.699 75.4155C129.578 75.1048 129.166 74.7585 128.85 75.0431C128.822 75.0732 128.815 75.1168 128.83 75.1546C128.846 75.1925 128.883 75.2175 128.924 75.2186V75.2281Z" fill="#373739"/>
<path d="M131.303 73.1363C130.774 72.1474 129.064 71.3197 128.018 71.8367C127.413 72.1379 127.461 73.0652 128.018 73.3782C128.44 73.6154 128.919 73.549 129.379 73.6605C129.797 73.7601 130.169 73.9545 130.565 74.0802C131.122 74.2534 131.545 73.6059 131.291 73.1316L131.303 73.1363Z" fill="#373739"/>
<path d="M120.581 90.7028C111.834 89.766 103.382 93.6863 95.4582 97.5069C93.7151 98.3489 91.9008 99.2524 90.779 100.827C89.4557 102.705 89.3774 105.174 89.5624 107.468C90.0241 113.13 91.7729 118.613 94.6756 123.497C95.2187 124.41 95.8282 125.326 96.7128 125.912C98.2828 126.95 100.334 126.737 102.196 126.486L112.821 125.063" fill="white"/>
<path d="M120.58 90.4063C115.095 89.8443 109.83 90.902 104.691 92.8135C102.182 93.7456 99.7317 94.8294 97.3055 95.9559C95.1972 96.933 92.8564 97.8129 91.1394 99.4255C87.582 102.746 88.7085 108.784 89.6832 112.982C90.2642 115.461 91.0904 117.877 92.1497 120.194C93.0793 122.238 94.1513 124.745 95.9442 126.201C97.9814 127.861 100.725 127.399 103.128 127.083C106.424 126.649 109.733 126.265 113.022 125.765C113.831 125.641 113.648 124.225 112.828 124.323C110.295 124.621 107.769 125.006 105.239 125.354C103.009 125.663 100.291 126.452 98.0716 125.776C95.9063 125.115 94.8225 122.468 93.907 120.599C91.8202 116.309 90.5755 111.658 90.2405 106.898C90.0959 104.624 90.2832 102.21 91.9481 100.495C93.4351 98.956 95.643 98.1235 97.5332 97.201C99.7839 96.1053 102.053 95.0381 104.378 94.106C109.484 92.0546 115.033 90.4941 120.585 91.023C120.974 91.0585 120.967 90.4585 120.585 90.4206L120.58 90.4063Z" fill="#373739"/>
<path d="M126.799 91.9906C122.845 91.7534 118.835 91.5163 114.964 92.3534C111.094 93.1906 107.318 95.2658 105.31 98.6785C104.084 100.758 103.59 103.185 103.294 105.577C101.764 117.893 104.954 130.335 109.403 141.918C110.278 144.194 111.22 146.559 110.997 148.985C110.904 150.002 110.605 151.02 110.776 152.025C111.158 154.262 113.579 155.459 115.738 156.159C125.449 159.308 135.823 159.572 146.03 159.809C148.366 159.863 150.714 159.918 153.031 159.61C156.465 159.152 159.747 157.909 162.89 156.455C164.723 155.609 166.706 154.463 167.201 152.507C167.586 150.986 166.945 149.424 166.748 147.865C166.447 145.51 167.166 143.165 167.808 140.881C169.883 133.524 171.262 125.988 171.928 118.372C172.25 114.694 172.402 110.935 171.475 107.359C170.548 103.782 168.416 100.374 165.14 98.669C163.981 98.0666 162.717 97.6919 161.464 97.3219L148.615 93.5274C147.916 97.7504 145.486 101.49 141.912 103.846C138.338 106.202 133.944 106.96 129.787 105.938C128.516 105.625 127.204 105.089 126.479 103.998C125.983 103.253 125.822 102.338 125.788 101.441C125.696 98.518 126.834 95.6899 128.926 93.646L128.85 91.374" fill="white"/>
<path d="M188 121.517C194.489 128.518 198.267 138.215 197.25 147.707C196.232 157.198 190.097 166.205 181.249 169.784C179.947 170.31 178.403 170.706 177.193 170.009C176.18 169.428 175.689 168.257 175.31 167.163C172.878 160.064 172.271 152.467 173.546 145.072C173.83 143.433 174.207 141.77 173.996 140.12C173.536 136.527 170.484 133.909 167.645 131.658" fill="white"/>
<path d="M187.728 121.79C196.062 131.717 199.792 145.921 193.258 157.791C190.486 162.828 185.774 167.668 180.127 169.357C179.226 169.625 178.206 169.777 177.397 169.189C176.686 168.667 176.349 167.754 176.067 166.945C174.212 161.599 173.402 155.946 173.681 150.294C173.82 148.15 174.085 146.016 174.473 143.903C174.772 142.112 174.947 140.291 174.376 138.531C173.344 135.317 170.633 132.979 167.989 131.07C167.375 130.626 166.606 131.622 167.178 132.12C169.685 134.317 172.87 136.698 173.304 140.25C173.572 142.385 172.867 144.588 172.592 146.701C172.335 148.619 172.198 150.552 172.182 152.488C172.155 156.44 172.641 160.379 173.629 164.206C174.359 167.037 175.26 171.37 179.014 171.152C181.974 170.981 185.086 168.909 187.36 167.149C189.788 165.251 191.881 162.959 193.55 160.369C197.074 154.904 198.661 148.415 198.056 141.941C197.278 134.119 193.822 126.805 188.273 121.237C187.915 120.881 187.415 121.408 187.728 121.783V121.79Z" fill="#373739"/>
<path d="M148.183 93.4041C147.071 96.518 145.774 99.3947 143.357 101.74C140.895 104.128 137.57 105.468 134.16 105.672C132.509 105.789 130.85 105.596 129.27 105.103C127.168 104.418 126.462 102.803 126.561 100.687C126.651 98.9353 127.197 97.2372 128.146 95.7615C128.535 95.1614 129.255 94.6421 129.569 94.0136C129.905 93.3211 129.592 92.1163 129.569 91.3716C129.538 90.4633 128.122 90.4586 128.146 91.3716C128.162 91.8625 128.352 92.7282 128.191 93.1906C128.051 93.5914 127.669 93.9021 127.401 94.2365C126.817 94.9767 126.331 95.7889 125.954 96.6532C125.165 98.3912 124.867 100.312 125.091 102.207C125.617 106.227 130.209 107.041 133.591 107.036C140.808 107.022 148.992 101.325 149.07 93.5179C149.07 92.9891 148.359 92.9345 148.188 93.397L148.183 93.4041Z" fill="#373739"/>
<path d="M102.86 105.457C101.003 116.84 103.654 128.544 107.558 139.214C108.556 141.941 110.069 144.771 110.273 147.707C110.368 149.087 109.899 150.439 110.036 151.809C110.141 152.796 110.569 153.721 111.253 154.44C112.728 156.043 115.012 156.709 117.032 157.3C119.795 158.096 122.608 158.709 125.452 159.133C131.234 160.018 137.072 160.269 142.918 160.409C145.892 160.48 148.902 160.646 151.871 160.395C154.617 160.13 157.312 159.478 159.875 158.457C162.057 157.618 164.507 156.735 166.279 155.151C168.176 153.434 168.121 151.302 167.676 148.949C167.095 145.892 167.996 143.127 168.802 140.205C169.608 137.283 170.308 134.276 170.899 131.283C171.537 128.06 172.011 124.83 172.378 121.56C172.746 118.289 173.078 114.995 172.884 111.718C172.568 106.344 170.469 100.749 165.503 98.0524C164.704 97.6184 163.988 98.8398 164.792 99.2762C169.224 101.683 171.062 106.704 171.368 111.497C171.724 117.037 170.787 122.705 169.881 128.155C169.431 130.868 168.882 133.562 168.235 136.238C167.602 138.875 166.701 141.474 166.2 144.14C165.95 145.364 165.891 146.619 166.027 147.861C166.189 149.122 166.703 150.384 166.644 151.667C166.523 154.202 163.767 155.35 161.777 156.24C159.264 157.361 156.65 158.31 153.935 158.801C151.11 159.311 148.228 159.199 145.373 159.123C139.963 158.981 134.544 158.813 129.163 158.208C126.439 157.911 123.733 157.464 121.057 156.87C118.685 156.339 116.105 155.801 113.942 154.658C112.994 154.162 112.026 153.472 111.637 152.443C111.163 151.195 111.715 149.834 111.767 148.553C111.872 146.018 110.869 143.62 109.996 141.294C105.694 129.827 102.81 117.888 103.749 105.573C103.789 105.072 102.95 104.951 102.867 105.452L102.86 105.457Z" fill="#373739"/>
<path d="M141.493 77.6614C141.543 77.6537 141.58 77.6109 141.58 77.5606C141.58 77.5103 141.543 77.4675 141.493 77.4598C141.443 77.4675 141.407 77.5103 141.407 77.5606C141.407 77.6109 141.443 77.6537 141.493 77.6614Z" fill="#00D6C3"/>
<path d="M140.53 72.8423C140.065 73.7833 140.028 74.8792 140.428 75.8495C140.601 76.2622 140.858 76.6582 140.903 77.1065C140.914 77.4104 140.871 77.7139 140.777 78.0029C140.473 79.1288 140.108 80.2372 139.684 81.3232C139.564 81.6993 139.361 82.0438 139.091 82.3311C138.28 83.0781 136.956 82.5967 136.081 81.9279C135.206 81.2591 134.324 80.3864 133.221 80.4172C132.628 80.4338 132.068 80.7231 131.476 80.7421C130.382 80.7753 129.495 79.9239 128.63 79.267C127.764 78.6101 126.464 78.1191 125.63 78.8259C125.398 79.0467 125.206 79.3059 125.063 79.5919L121.541 85.7035C121.112 86.3699 120.785 87.0965 120.571 87.8593C120.146 89.7329 121.169 91.7013 122.658 92.9155C124.147 94.1298 126.03 94.7346 127.875 95.2539C131.068 96.1528 134.717 96.8216 137.521 95.0476C140.092 93.4207 141.147 90.2143 141.616 87.2071C142.086 84.1999 142.183 81.0409 143.587 78.3468C143.757 77.9435 144.048 77.6028 144.42 77.3721C144.806 77.1752 145.368 77.2606 145.553 77.6519C145.594 77.7907 145.651 77.9243 145.722 78.0504C145.92 78.2432 146.235 78.2432 146.433 78.0504C146.618 77.8552 146.734 77.6056 146.765 77.3389C147.111 75.6029 146.466 73.6534 145.024 72.6241C143.583 71.5949 141.394 71.6755 140.156 72.9419" fill="#373739"/>
<path d="M140.232 72.6668C139.94 73.2456 139.778 73.8809 139.757 74.5285C139.757 75.3277 140.089 75.8969 140.291 76.6392C140.561 77.6472 140.054 78.7879 139.71 79.7508C139.321 80.8441 139.046 82.3595 137.575 82.101C136.031 81.8283 135.204 80.0567 133.567 79.8646C132.825 79.7792 132.187 80.1326 131.461 80.1421C130.451 80.1587 129.671 79.2954 128.91 78.75C127.94 78.0575 126.538 77.5049 125.44 78.2211C124.966 78.5318 124.688 79.0132 124.408 79.4946C123.856 80.4433 123.313 81.3919 122.765 82.3406C121.169 85.113 118.811 87.9873 120.519 91.253C122.025 94.1298 125.331 95.1923 128.257 95.9701C131.224 96.7599 134.661 97.303 137.469 95.733C140.077 94.2816 141.33 91.3598 141.92 88.5684C142.295 86.8015 142.421 84.992 142.703 83.2109C142.826 82.3917 142.995 81.58 143.21 80.7801C143.349 80.2741 143.519 79.7774 143.72 79.2931C143.799 79.0536 143.904 78.8237 144.033 78.6077C144.195 78.4013 144.776 77.8227 145.077 77.9958C145.198 78.0669 145.278 78.4061 145.423 78.5247C145.6 78.6692 145.823 78.745 146.051 78.7381C146.597 78.7381 146.986 78.3634 147.195 77.8891C147.735 76.6558 147.406 74.9435 146.801 73.7981C145.451 71.2296 141.849 70.3782 139.731 72.5221C139.2 73.0605 139.99 73.8194 140.549 73.3403C141.638 72.4082 143.194 72.2592 144.439 72.968C145.698 73.7056 146.67 75.7167 146.177 77.1728C145.999 77.6946 146.073 77.3389 145.769 77.059C145.495 76.8267 145.141 76.7124 144.783 76.7412C143.67 76.7958 143.142 77.927 142.75 78.8093C140.616 83.6758 142.328 91.744 136.885 94.7322C134.172 96.2192 130.821 95.4579 128.015 94.6729C125.17 93.876 121.218 92.4531 121.052 88.9075C120.981 87.385 122.013 86.0331 122.739 84.7715C123.654 83.1825 124.468 81.3635 125.556 79.8836C126.842 78.1405 128.227 79.8528 129.495 80.671C130.56 81.3587 131.461 81.3611 132.664 81.0907C134.502 80.6781 135.51 82.5896 137.13 83.0829C138.09 83.3746 139.105 83.2228 139.738 82.3714C140.182 81.7619 140.398 80.9223 140.628 80.2204C140.896 79.4022 141.218 78.5318 141.339 77.6756C141.404 77.1828 141.327 76.6817 141.116 76.2313C140.656 75.0455 140.386 74.1704 140.879 72.9277C141.024 72.5648 140.405 72.3063 140.246 72.6597L140.232 72.6668Z" fill="#373739"/>
<path d="M130.603 84.1145C131.618 84.1525 132.709 83.9366 133.527 83.301C133.804 83.0876 133.501 82.5635 133.178 82.701C132.32 83.0615 131.546 83.4125 130.603 83.486C130.44 83.5002 130.314 83.6367 130.314 83.8003C130.314 83.9639 130.44 84.1003 130.603 84.1145Z" fill="#00D6C3"/>
<path d="M144.543 77.4337C144.607 77.3895 144.687 77.3758 144.761 77.3965C144.836 77.4171 144.898 77.4698 144.93 77.5404C146.156 78.4891 146.243 80.5713 145.1 81.6172L146.495 82.3548C146.719 82.5125 146.995 82.5779 147.266 82.5374C147.579 82.4449 147.74 82.1034 147.854 81.8022C148.456 80.3508 149.3 79.0132 149.988 77.5997C150.676 76.1862 151.207 74.6471 151.124 73.0771C150.974 71.1454 150.008 69.3693 148.468 68.194C146.926 67.0382 145.05 66.4141 143.122 66.4153C142.951 66.3967 142.778 66.4315 142.627 66.5149C142.443 66.6804 142.34 66.9174 142.345 67.1647C142.039 70.5211 143.075 73.862 145.226 76.4566" fill="#373739"/>
<path d="M144.543 77.742C145.051 77.7159 145.354 78.9776 145.385 79.3191C145.472 80.029 145.232 80.7402 144.733 81.252C144.622 81.3664 144.569 81.5253 144.59 81.6833C144.611 81.8414 144.703 81.9813 144.839 82.0631C146.168 82.7746 147.429 83.7683 148.314 82.0631C149.198 80.3579 150.149 78.6978 150.88 76.9546C152.265 73.6534 151.776 70.077 148.895 67.7552C147.534 66.6572 142.126 64.0437 141.704 67.1552C141.23 70.6082 142.653 74.2534 144.787 76.893C145.3 77.5238 146.184 76.6274 145.679 76.0013C144.037 73.9801 143.083 71.4875 142.956 68.8865C142.942 68.5521 142.819 67.2904 143.065 67.0698C143.312 66.8493 144.576 67.1742 144.851 67.2287C146.181 67.4813 147.421 68.0792 148.447 68.9624C150.607 70.8905 150.958 73.6368 149.96 76.2645C149.469 77.557 148.748 78.75 148.119 79.9784C147.92 80.365 147.593 81.5888 147.254 81.833C146.779 82.1793 145.771 81.3824 145.356 81.1642L145.461 81.9777C146.28 81.1565 146.592 79.9565 146.277 78.8401C146.066 78.1286 145.347 76.8669 144.458 77.1325C144.135 77.2274 144.18 77.7539 144.538 77.7373L144.543 77.742Z" fill="#373739"/>
<path d="M141.325 73.1601C139.818 70.5289 139.234 67.4696 139.665 64.4682C138.332 66.0643 136.223 66.7568 134.21 67.2596C133.617 67.4066 132.996 67.5442 132.4 67.3995C131.805 67.2548 131.257 66.7426 131.283 66.1307C130.017 66.7046 127.598 68.3695 126.905 69.5742C125.992 67.6082 123.277 65.5425 127.588 63.9725C128.212 63.7354 131.196 62.6634 131.836 62.4879C134.893 61.6614 138.103 61.576 141.199 62.2389C141.792 62.3475 142.366 62.5407 142.904 62.8128C143.872 63.3464 144.564 64.2998 144.97 65.322C145.375 66.3441 145.568 67.4564 145.745 68.5379" fill="#373739"/>
<path d="M141.633 72.9869C140.399 70.3286 139.943 67.3751 140.317 64.4681C140.388 63.9203 139.579 63.6381 139.238 64.0199C138.359 64.9717 137.248 65.68 136.015 66.0761C135.272 66.3393 132.095 67.5773 131.936 66.1306C131.928 65.9079 131.807 65.7047 131.613 65.5932C131.42 65.4817 131.184 65.4778 130.987 65.5828C129.289 66.3891 127.401 67.6437 126.377 69.254H127.479C126.884 68.0398 124.956 66.2634 126.6 65.1583C127.973 64.2334 129.97 63.7685 131.537 63.261C134.194 62.4616 136.996 62.2727 139.736 62.7084C141.159 62.9266 142.658 63.2112 143.556 64.4373C144.455 65.6634 144.664 67.2832 144.96 68.7536C145.136 69.6359 146.67 69.4509 146.554 68.5378C146.336 66.8255 145.997 65.0397 144.949 63.6239C143.948 62.2768 142.577 61.7266 140.969 61.4467C137.713 60.8586 134.224 60.9724 131.072 62.0467C130.012 62.4072 128.957 62.7914 127.904 63.1733C126.889 63.5432 125.727 63.9298 125.058 64.8334C123.739 66.5765 125.613 68.3789 126.362 69.9039C126.585 70.3545 127.226 70.2833 127.465 69.9039C128.373 68.4809 130.112 67.4042 131.615 66.688L130.667 66.1378C131.141 70.492 138.612 66.6287 140.134 64.9211L139.058 64.4753C138.618 67.5681 139.318 70.7153 141.026 73.3308C141.126 73.487 141.332 73.5365 141.492 73.443C141.652 73.3495 141.71 73.1463 141.624 72.9822L141.633 72.9869Z" fill="#373739"/>
<path d="M146.519 81.1239C146.206 83.6165 146.312 86.2324 146.519 88.732C146.692 90.9423 146.756 93.5938 147.626 95.65C147.863 96.2215 148.717 95.8871 148.729 95.3512C148.755 94.2318 148.44 93.0863 148.271 91.9787C148.081 90.7455 147.908 89.5123 147.78 88.2719C147.543 85.9003 147.474 83.5026 147.258 81.1239C147.243 80.933 147.084 80.7858 146.892 80.7858C146.701 80.7858 146.541 80.933 146.526 81.1239H146.519Z" fill="#373739"/>
<path d="M130.074 98.7544C130.311 97.0445 130.491 94.9408 129.915 93.2807C129.73 92.7447 128.912 92.8064 128.905 93.4159C128.883 95.1709 129.339 96.9899 129.459 98.7544C129.473 98.9136 129.607 99.0357 129.767 99.0357C129.926 99.0357 130.06 98.9136 130.074 98.7544V98.7544Z" fill="#373739"/>
<path d="M226.337 125.795L128.061 182.536C123.885 184.948 118.739 184.948 114.564 182.536L16.2847 125.795C12.1084 123.384 9.53551 118.928 9.53516 114.106V112.375V112.375V220.154C9.53516 223.734 10.9575 227.168 13.4891 229.699C16.0208 232.23 19.4543 233.652 23.0343 233.651H219.59C227.044 233.651 233.087 227.608 233.087 220.154V114.108C233.086 118.93 230.513 123.385 226.337 125.795Z" fill="white"/>
<path d="M27.1322 194.916C27.3945 193.715 26.6614 192.523 25.4721 192.214C25.1425 192.141 24.7606 192.131 24.5235 191.889C24.3721 191.702 24.2804 191.473 24.2602 191.233C24.0023 189.72 24.032 188.173 24.348 186.672C24.3748 186.451 24.4664 186.243 24.6112 186.074C24.829 185.906 25.0976 185.818 25.3725 185.823L30.0659 185.413C29.98 186.39 30.2085 187.37 30.7181 188.209C30.864 188.484 31.0875 188.71 31.3608 188.859C32.0415 189.174 32.8573 188.557 33.0375 187.832C33.2178 187.106 32.9616 186.347 32.7102 185.64C34.4411 185.629 36.1688 185.493 37.8803 185.235C37.5459 186.774 38.6985 188.472 40.2519 188.728C40.6276 187.613 40.8261 186.447 40.8401 185.27L44.9904 184.877C45.811 185.652 45.2109 187.27 46.0766 187.993C46.7477 188.553 47.8505 188.078 48.2442 187.3C48.6379 186.523 48.5336 185.598 48.4197 184.732L51.683 184.132L52.0103 187.013C52.009 187.328 52.1191 187.633 52.321 187.874C52.755 188.28 53.5187 187.903 53.744 187.355C53.9693 186.807 53.8578 186.188 53.8459 185.595C53.8341 185.002 53.9811 184.319 54.5053 184.042C54.7597 183.929 55.0358 183.874 55.314 183.881L60.5789 183.61C60.8439 185.361 60.9842 187.128 60.9987 188.899C61.024 189.138 60.9716 189.379 60.8493 189.587C60.6639 189.776 60.423 189.901 60.1615 189.945C58.7039 190.387 57.464 191.358 56.6848 192.667C56.5069 192.971 56.3575 193.362 56.5519 193.656C56.7464 193.95 57.2397 193.96 57.6263 193.893L60.3133 193.486C60.5781 195.242 60.5932 197.028 60.3584 198.788C59.5141 198.727 58.5773 198.907 58.0437 199.564C57.5101 200.221 57.6737 201.421 58.4824 201.67C59.099 201.862 59.8342 201.468 60.3797 201.805L60.0168 206.674C59.2888 206.553 58.5061 206.553 57.8516 206.895C57.197 207.236 56.7156 207.986 56.8721 208.707C57.1591 210.016 58.9591 210.144 60.2872 209.966L59.9338 213.208C59.2935 213.004 58.6081 212.798 57.9583 212.971C57.3085 213.144 56.7725 213.881 57.0476 214.493C57.4555 215.394 58.8524 215.027 59.718 215.506L59.2437 220.187C57.1971 220.961 55.0285 221.363 52.8404 221.373C52.8949 220.425 52.9447 219.452 52.672 218.542C52.3993 217.631 51.7376 216.777 50.815 216.549C49.8925 216.322 48.7707 216.941 48.6925 217.889C48.6095 218.911 49.6103 220.088 48.9035 220.83C48.6579 221.045 48.3526 221.18 48.0284 221.217C46.9247 221.446 45.7952 221.526 44.6702 221.454C44.8623 220.579 45.0568 219.67 44.8718 218.793C44.6868 217.915 44.0133 217.074 43.1192 216.993C42.2251 216.912 41.4591 217.574 41.1033 218.361C40.7476 219.149 40.7191 220.045 40.7025 220.911C39.2743 221.205 37.8025 221.217 36.3696 220.946C36.5926 220.085 36.8179 219.189 36.6376 218.316C36.4574 217.443 35.7483 216.613 34.8589 216.613C34.0478 216.613 33.3648 217.299 33.1063 218.065C32.8478 218.831 32.9142 219.668 32.9854 220.477L26.5654 220.24C26.3651 220.255 26.1655 220.202 25.9986 220.09C25.8437 219.92 25.759 219.697 25.7615 219.466L25.1686 214.095C26.6241 213.824 27.8295 212.806 28.3418 211.417C28.4308 211.224 28.4484 211.006 28.3916 210.801C28.2896 210.528 27.9765 210.4 27.6919 210.326C26.8064 210.109 25.8774 210.146 25.012 210.433C24.7227 208.922 24.6326 207.38 24.744 205.846C25.4958 205.676 26.2737 205.491 26.8785 205.004C27.4832 204.518 27.8271 203.643 27.4832 202.958C26.9235 201.872 25.3203 202.109 24.2389 202.633C23.9466 201.07 23.9668 199.466 24.2982 197.911C25.3926 197.825 26.2866 197.002 26.4635 195.919" fill="#373739"/>
<path d="M27.464 195.008C27.6711 194.236 27.5336 193.411 27.087 192.748C26.8722 192.437 26.5982 192.171 26.2806 191.965C25.7755 191.643 25.1446 191.702 24.8577 191.067C24.4853 190.203 24.5019 187.31 25.166 186.662C25.6094 186.228 26.8498 186.342 27.4759 186.283L30.0562 186.046L29.4254 185.413C29.3613 186.817 29.9139 189.615 31.797 189.539C33.967 189.451 33.7678 186.902 33.2626 185.484L32.7124 186.219C34.4944 186.185 36.2725 186.041 38.0366 185.787L37.3252 185.076C37.0287 187.006 38.1623 188.842 40.1047 189.288C40.4122 189.36 40.7234 189.182 40.8161 188.88C41.1844 187.711 41.3895 186.496 41.4256 185.27L40.8399 185.854L43.6075 185.593C44.5562 185.503 44.7933 185.481 44.9214 186.447C45.0423 187.324 45.1585 188.28 46.0858 188.681C46.8922 189.034 47.8361 188.681 48.4124 188.074C49.2519 187.177 49.1618 185.854 49.0195 184.725L48.5784 185.304L51.8441 184.708L51.0804 184.125C51.1729 184.948 51.263 185.771 51.3579 186.594C51.4196 187.137 51.4291 187.734 51.7967 188.173C52.3635 188.847 53.3192 188.719 53.9098 188.14C54.9461 187.125 53.7651 184.953 55.3137 184.492C56.0679 184.27 57.1636 184.409 57.9486 184.376L60.5834 184.258L59.9455 183.783C60.0878 184.822 60.1897 185.866 60.2514 186.914C60.2965 187.711 60.5953 188.911 59.8127 189.347C58.5723 190.037 57.5027 190.443 56.5825 191.612C56.0015 192.354 55.2853 193.585 56.2648 194.337C57.2442 195.089 59.3858 194.337 60.4957 194.169L59.6467 193.694C59.8759 195.385 59.8846 197.098 59.6727 198.791L60.3629 198.103C58.8996 198.051 57.1233 198.677 57.0592 200.392C57.0135 201.028 57.2787 201.646 57.7707 202.052C58.532 202.628 59.3905 202.149 60.1992 202.467L59.6941 201.803L59.3383 206.662L60.2111 205.998C58.449 205.761 55.7881 206.437 56.2078 208.785C56.5304 210.646 58.7976 210.813 60.287 210.646L59.5968 209.959L59.2459 213.201L60.1162 212.537C58.7478 212.115 56.5185 212.022 56.3051 213.96C56.0916 215.897 58.2237 215.591 59.3692 216.106L59.0277 215.511C58.8696 217.071 58.7115 218.632 58.5533 220.192L59.0585 219.528C57.0655 220.265 54.9624 220.66 52.8378 220.697L53.5256 221.385C53.6062 219.851 53.618 218.181 52.5769 216.936C51.8227 216.037 50.6464 215.572 49.5104 215.987C48.5104 216.331 47.8941 217.335 48.04 218.383C48.1444 219.227 48.863 220.102 47.8479 220.555C46.9752 220.946 45.5973 220.806 44.6724 220.759L45.334 221.627C45.7372 219.744 45.8297 216.455 43.1213 216.3C40.6288 216.158 40.0644 219.016 40.0217 220.901L40.5244 220.242C39.2137 220.489 37.8696 220.502 36.5544 220.28L37.0287 221.119C37.503 219.284 37.6429 216.163 35.02 215.942C32.5393 215.731 32.1527 218.679 32.3021 220.465L32.9804 219.787L29.9993 219.682C29.1147 219.651 27.8791 219.815 27.0206 219.578C26.6672 219.708 26.4822 219.611 26.4703 219.286C26.3726 219.062 26.324 218.819 26.328 218.575C26.2569 218.131 26.2284 217.678 26.1786 217.23C26.0616 216.187 25.9438 215.142 25.8253 214.097L25.3509 214.737C26.9589 214.382 28.9083 212.999 29.0625 211.197C29.238 209.152 26.0435 209.499 24.8553 209.843L25.6142 210.274C25.3599 208.814 25.2803 207.33 25.377 205.851L24.9217 206.451C26.5391 206.072 29.0649 204.85 28.0593 202.723C27.3028 201.12 25.2134 201.537 23.9304 202.102L24.8505 202.474C24.6029 201.02 24.6238 199.533 24.9122 198.086L24.3051 198.561C25.7043 198.381 26.7739 197.517 27.0775 196.106C27.2506 195.316 26.034 194.977 25.8632 195.772C25.6925 196.566 25.1517 197.195 24.3051 197.304C24.0246 197.31 23.7798 197.496 23.6979 197.764C23.3704 199.432 23.352 201.146 23.6434 202.82C23.7169 203.259 24.2315 203.34 24.5612 203.195C25.2442 202.894 26.3731 202.517 26.8237 203.28C27.566 204.533 25.4173 205.071 24.5897 205.265C24.3238 205.344 24.1395 205.586 24.1343 205.863C24.0442 207.45 24.1429 209.042 24.4284 210.606C24.5217 210.933 24.859 211.124 25.1873 211.038C25.9462 210.817 28.3392 210.395 27.4214 211.842C26.8723 212.692 25.9972 213.278 25.0023 213.462C24.7151 213.541 24.5161 213.802 24.5161 214.1C24.6474 215.434 24.792 216.773 24.9501 218.117C25.0379 218.909 24.9312 220.135 25.6616 220.664C26.3921 221.193 27.7771 220.949 28.6309 220.982L32.9875 221.141C33.3602 221.14 33.6621 220.838 33.6634 220.465C33.5851 219.516 33.3598 217.685 34.612 217.363C36.4785 216.889 35.9425 219.848 35.7125 220.754C35.6164 221.116 35.827 221.489 36.1868 221.594C37.7425 221.861 39.3334 221.849 40.8849 221.558C41.1806 221.475 41.385 221.206 41.3853 220.899C41.409 219.872 41.3996 218.067 42.6731 217.711C44.6439 217.161 44.2123 220.32 44.0107 221.269C43.9577 221.475 44.0018 221.693 44.1303 221.862C44.2588 222.032 44.4576 222.133 44.67 222.137C46.2661 222.218 49.9824 222.414 49.8282 219.976C49.795 219.457 49.5413 219.002 49.4559 218.499C49.3017 217.605 49.9302 216.967 50.8362 217.313C52.3848 217.88 52.2235 220.083 52.1524 221.39C52.1562 221.768 52.4619 222.074 52.8402 222.078C55.0875 222.038 57.3122 221.621 59.4213 220.844C59.7155 220.755 59.9192 220.488 59.9265 220.18L60.4008 215.499C60.4068 215.252 60.2752 215.023 60.0593 214.904C59.5693 214.704 59.0549 214.571 58.5296 214.507C58.2023 214.453 57.2276 214.391 58.1383 213.628C58.4229 213.39 59.4474 213.77 59.7463 213.865C60.2206 214.009 60.5716 213.628 60.619 213.201L60.97 209.959C60.97 209.578 60.6625 209.27 60.2822 209.269C59.6229 209.344 58.6862 209.475 58.0861 209.119C57.5383 208.794 57.3106 208.353 57.8253 207.756C58.2996 207.205 59.1818 207.243 59.8269 207.331C60.0334 207.379 60.2508 207.333 60.4196 207.204C60.5884 207.076 60.6911 206.879 60.6996 206.667L61.0625 201.798C61.0597 201.489 60.8542 201.219 60.5573 201.134C60 200.913 58.6601 201.21 58.4656 200.693C58.0363 199.626 59.7249 199.448 60.3486 199.469C60.7233 199.457 61.0241 199.156 61.0364 198.781C61.2487 196.968 61.2232 195.134 60.9605 193.327C60.906 192.928 60.4411 192.795 60.1139 192.852C59.3668 192.966 58.6221 193.09 57.8751 193.192C57.4007 193.26 57.2632 193.372 57.3557 192.89C57.4126 192.596 57.7849 192.293 57.996 192.072C58.4367 191.61 58.9543 191.228 59.5257 190.943C59.9858 190.706 60.5526 190.647 60.9866 190.367C61.8499 189.814 61.6696 188.693 61.6364 187.81C61.5744 186.348 61.4303 184.89 61.2048 183.444C61.1223 183.162 60.8631 182.969 60.5692 182.97L56.6157 183.207C55.6671 183.264 54.4173 183.122 53.739 183.919C53.1959 184.554 53.2196 185.372 53.2457 186.16C53.2623 186.596 53.324 186.634 52.9421 186.945C52.3113 187.44 52.5603 186.67 52.5081 186.217C52.4275 185.531 52.3516 184.843 52.271 184.158C52.2656 183.972 52.1763 183.798 52.028 183.685C51.8797 183.572 51.6883 183.533 51.5073 183.577L48.244 184.179C47.9834 184.251 47.8028 184.488 47.8029 184.758C47.8897 185.254 47.9223 185.758 47.9001 186.262C47.8266 186.973 46.9871 188.436 46.2139 187.18C45.8819 186.641 46.0906 185.728 45.8202 185.123C45.5143 184.44 45.225 184.31 44.5111 184.353C43.2826 184.428 42.0494 184.59 40.8233 184.708C40.5158 184.721 40.2673 184.963 40.247 185.27C40.2165 186.394 40.0289 187.507 39.6896 188.579L40.4011 188.171C39.118 187.908 38.2576 186.696 38.4327 185.398C38.4789 185.199 38.4191 184.99 38.2744 184.845C38.1297 184.701 37.9206 184.641 37.7212 184.687C36.0604 184.926 34.3855 185.053 32.7076 185.066C32.5249 185.068 32.3531 185.153 32.2422 185.299C32.1313 185.444 32.0939 185.632 32.1408 185.809C32.2815 186.161 32.3887 186.525 32.461 186.897C32.5654 187.64 32.008 188.61 31.1614 187.751C30.6586 187.241 30.6586 186.072 30.687 185.425C30.6832 185.077 30.4016 184.796 30.0538 184.794L27.2387 185.031C26.5035 185.092 25.6261 185.047 24.9122 185.242C23.6149 185.593 23.5746 186.983 23.4892 188.133C23.4039 189.283 23.2094 191.368 24.03 192.286C24.4213 192.722 24.8458 192.665 25.3628 192.803C26.3707 193.071 26.9043 193.886 26.7858 194.937C26.7407 195.326 27.3763 195.411 27.4664 195.03L27.464 195.008Z" fill="#373739"/>
<path d="M225.588 124.527L214.78 130.764L189.259 145.506L159.332 162.785L135.336 176.638L128.791 180.418C125.769 182.161 122.601 183.392 118.998 182.654C116.793 182.202 115.002 181.094 113.103 179.996L105.822 175.784L80.9485 161.431L50.9905 144.135L26.2689 129.863L19.0996 125.722C17.2023 124.621 15.3429 123.611 13.8654 121.899C11.4938 119.145 11.0053 115.873 11.0053 112.374C11.0053 110.477 8.10008 110.477 8.06688 112.374C8.00759 115.932 8.06688 119.511 8.06688 123.075V207.291C8.06688 211.541 8.03605 215.79 8.06688 220.038C8.10957 225.941 11.5128 231.422 16.9651 233.829C19.1778 234.799 21.502 235.121 23.8878 235.121H214.09C216.919 235.121 219.965 235.359 222.751 234.785C229.629 233.362 234.495 227.084 234.567 220.147C234.578 219.061 234.567 217.975 234.567 216.889V114.108C234.567 112.211 231.654 112.211 231.628 114.108C231.585 118.401 229.292 122.356 225.588 124.527C223.963 125.492 225.441 128.034 227.07 127.064C231.657 124.351 234.492 119.437 234.545 114.108H231.616V208.232C231.616 212.195 231.654 216.158 231.616 220.121C231.555 226.479 226.527 231.939 220.088 232.171C219.405 232.197 218.72 232.171 218.036 232.171H27.9219C24.6918 232.171 21.1771 232.501 18.1628 231.154C13.6686 229.147 11.0171 224.698 11.0053 219.846C11.0053 218.323 11.0053 216.801 11.0053 215.278V114.96C11.0053 114.096 10.9911 113.231 11.0053 112.367H8.06688C8.06688 116.162 8.60997 119.719 10.9128 122.874C12.2072 124.626 13.8515 126.09 15.7414 127.173C17.2094 128.027 18.6822 128.871 20.1502 129.72L41.6891 142.155L71.6376 159.446L99.0723 175.284C103.861 178.049 108.65 180.816 113.439 183.584C118.261 186.357 123.96 186.53 128.855 183.776C130.071 183.088 131.276 182.377 132.486 181.677L153.14 169.755L182.766 152.649L210.718 136.522L226.351 127.496L227.087 127.071C228.716 126.118 227.248 123.578 225.588 124.527Z" fill="#373739"/>
<path d="M225.588 124.527L221.371 126.96L209.9 133.584L192.929 143.381L172.227 155.336L149.436 168.494L126.538 181.713L105.194 194.045L87.1481 204.466L74.1683 211.958C72.1216 213.144 70.0322 214.273 68.0164 215.515C67.931 215.568 67.8409 215.617 67.7531 215.667C66.1143 216.616 67.5918 219.153 69.2354 218.205L73.4497 215.771L84.9235 209.148L101.892 199.351L122.601 187.395L145.39 174.238L168.292 161.014L189.637 148.681L207.682 138.261L220.66 130.769C222.709 129.583 224.798 128.454 226.812 127.211L227.077 127.059C228.714 126.111 227.236 123.573 225.595 124.522L225.588 124.527Z" fill="#373739"/>
<path d="M162.117 97.5544C168.922 99.0048 175.145 102.439 180.001 107.423C182.019 109.503 183.772 111.827 185.517 114.141L189.817 119.833C190.31 120.49 190.816 121.166 191.031 121.968C191.698 124.403 189.495 126.604 187.474 128.134C184.102 130.684 180.623 133.087 177.039 135.343C175.379 136.385 173.538 137.43 171.61 137.144C170.55 136.985 169.594 136.432 168.693 135.851C165.396 133.719 162.475 131.057 160.046 127.973" fill="white"/>
<path d="M162.029 97.8627C166.535 99.1481 170.681 101.031 174.482 103.77C178.585 106.728 181.647 110.648 184.68 114.625C186.286 116.726 188.031 118.775 189.521 120.962C191.152 123.353 189.487 125.366 187.583 126.941C185.551 128.622 183.314 130.107 181.139 131.592C178.965 133.076 176.664 134.912 174.193 135.882C171.202 137.068 168.594 134.874 166.367 133.088C164.251 131.397 162.411 129.419 160.58 127.434C160.016 126.82 158.92 127.633 159.408 128.34C160.978 130.636 162.966 132.59 165.124 134.331C166.967 135.811 169.189 137.717 171.617 138.016C174.508 138.37 177.117 136.356 179.399 134.874C181.993 133.184 184.531 131.411 187.011 129.557C188.909 128.134 191.043 126.571 191.79 124.214C192.637 121.522 190.628 119.418 189.136 117.414C185.712 112.811 182.437 107.975 177.923 104.347C173.41 100.718 167.939 98.1093 162.2 97.2437C161.801 97.1844 161.621 97.7465 162.029 97.8627V97.8627Z" fill="#373739"/>
<path d="M165.458 98.3512C164.476 97.469 163.352 97.0302 162.093 96.6911C160.618 96.2832 159.136 95.8895 157.658 95.491C154.684 94.6894 151.772 93.6934 148.805 92.8514C147.925 92.6143 147.56 93.9495 148.428 94.2175C151.226 95.0784 154.07 95.778 156.854 96.6697C159.539 97.5306 162.249 98.586 165.019 99.1125C165.427 99.1884 165.819 98.6856 165.458 98.3607V98.3512Z" fill="#373739"/>
<path d="M124.645 93.4183C122.255 96.5962 120.704 100.92 122.188 104.828C123.303 107.764 126.026 109.505 128.957 110.295C135.498 112.054 142.812 110.186 147.432 105.179C150.093 102.295 151.701 98.6429 152.412 94.8104C152.448 94.6183 152.153 94.5377 152.118 94.7298C150.984 100.969 147.292 106.623 141.341 109.197C138.286 110.474 134.951 110.937 131.663 110.539C128.447 110.181 124.999 109.014 123.151 106.175C120.569 102.207 122.238 97.0184 124.811 93.5203C124.885 93.4207 124.719 93.3258 124.645 93.423V93.4183Z" fill="#373739"/>
<path d="M123.396 96.0627C124.299 96.4208 125.205 96.7741 126.114 97.1323C126.261 97.1892 126.325 96.952 126.178 96.8951C125.269 96.5488 124.359 96.2121 123.445 95.8753C123.329 95.8302 123.282 96.0152 123.396 96.0603V96.0627Z" fill="#373739"/>
<path d="M122.165 98.8706C123.245 99.1876 124.36 99.3661 125.485 99.4018C125.651 99.4018 125.649 99.1647 125.485 99.1457C124.388 99.0848 123.297 98.9341 122.224 98.6951C122.176 98.6813 122.125 98.7095 122.111 98.7579C122.098 98.8064 122.126 98.8568 122.174 98.8706H122.165Z" fill="#373739"/>
<path d="M121.764 102.108C123.015 102.34 124.303 102.282 125.528 101.937C125.574 101.924 125.609 101.888 125.621 101.842C125.633 101.796 125.619 101.747 125.585 101.714C125.551 101.681 125.502 101.668 125.457 101.681C124.277 102.036 123.032 102.117 121.816 101.918C121.695 101.899 121.643 102.082 121.764 102.103V102.108Z" fill="#373739"/>
<path d="M122.881 105.725C124.159 105.722 125.378 105.182 126.239 104.238C126.365 104.1 126.161 103.896 126.038 104.034C125.238 104.948 124.095 105.49 122.881 105.53C122.827 105.53 122.784 105.574 122.784 105.627C122.784 105.681 122.827 105.725 122.881 105.725V105.725Z" fill="#373739"/>
<path d="M126.438 109.142C127.403 108.186 128.257 107.124 128.983 105.976C129.068 105.841 128.857 105.72 128.767 105.85C128.033 106.968 127.21 108.025 126.308 109.012C126.23 109.099 126.355 109.225 126.438 109.142V109.142Z" fill="#373739"/>
<path d="M131.53 110.397C131.815 109.865 132.054 109.31 132.242 108.736C132.464 108.044 132.533 107.313 132.872 106.664C132.907 106.605 132.887 106.529 132.828 106.494C132.77 106.459 132.694 106.479 132.659 106.538C132.358 107.048 132.287 107.615 132.147 108.181C131.965 108.914 131.7 109.624 131.357 110.297C131.3 110.411 131.466 110.508 131.528 110.397H131.53Z" fill="#373739"/>
<path d="M137.898 110.204C137.661 108.929 137.423 107.66 137.255 106.377C137.229 106.199 136.956 106.272 136.982 106.453C137.172 107.729 137.388 109.004 137.694 110.261C137.727 110.397 137.931 110.337 137.9 110.204H137.898Z" fill="#373739"/>
<path d="M143.056 108.16C142.608 106.903 142.136 105.663 141.749 104.385C141.695 104.2 141.403 104.278 141.462 104.463C141.846 105.752 142.315 107.014 142.866 108.241C142.916 108.348 143.104 108.272 143.056 108.16V108.16Z" fill="#373739"/>
<path d="M147.389 105.034C147.04 104.513 146.656 104.017 146.284 103.512C145.957 103.071 145.136 102.298 145.146 101.724C145.146 101.638 145.077 101.569 144.991 101.569C144.906 101.569 144.837 101.638 144.837 101.724C144.795 102.286 145.361 102.767 145.684 103.182C146.194 103.841 146.689 104.52 147.233 105.155C147.306 105.241 147.453 105.129 147.389 105.034V105.034Z" fill="#373739"/>
<path d="M149.843 100.841C149.369 100.576 148.895 100.334 148.439 100.063C148.28 99.971 147.313 99.2595 147.204 99.3378C147.278 99.2939 147.303 99.1978 147.26 99.1232C147.216 99.0485 147.12 99.0235 147.045 99.0674C146.571 99.3188 147.235 99.6888 147.429 99.8074C148.172 100.279 148.955 100.685 149.767 101.022C149.872 101.062 149.938 100.896 149.843 100.841V100.841Z" fill="#373739"/>
<path d="M151.542 96.8096C150.496 96.4587 149.455 96.0982 148.406 95.7495C148.214 95.6879 148.138 95.9867 148.323 96.046C149.363 96.4156 150.42 96.7322 151.492 96.9946C151.541 97.0044 151.589 96.9747 151.602 96.9266C151.615 96.8785 151.589 96.8284 151.542 96.812V96.8096Z" fill="#373739"/>
<rect x="31.7476" y="191.937" width="21.0361" height="21.0361" rx="10.518" fill="#00D6C3"/>
<path d="M48.5453 212.605C44.4282 212.605 40.3064 212.653 36.1893 212.605C34.3252 212.584 32.6532 211.491 32.2145 209.608C32.0509 208.91 32.1149 208.14 32.1149 207.428V199.396C32.1149 197.024 31.6643 194.093 34.1711 192.755C35.0841 192.269 36.0209 192.3 37.017 192.3H47.9548C49.2497 192.3 50.4592 192.551 51.3936 193.547C52.2759 194.496 52.4205 195.66 52.4205 196.867V205.405C52.4205 206.446 52.4324 207.488 52.4205 208.529C52.3944 210.775 50.8339 212.515 48.5477 212.603C48.0734 212.622 48.0734 213.355 48.5477 213.338C50.445 213.265 52.1359 212.205 52.8379 210.407C53.1984 209.487 53.1534 208.536 53.1534 207.561V198.691C53.1534 196.189 53.3241 193.524 50.7343 192.124C48.837 191.1 45.9556 191.569 43.8994 191.569C41.312 191.569 38.7174 191.508 36.13 191.569C33.1584 191.638 31.3868 193.863 31.3868 196.716V204.978C31.3868 207.26 30.9386 210.061 32.6295 211.88C34.5624 213.96 38.0842 213.341 40.6432 213.341H48.5525C48.6838 213.339 48.8045 213.268 48.869 213.154C48.9336 213.039 48.9322 212.899 48.8655 212.786C48.7987 212.673 48.6767 212.604 48.5453 212.605V212.605Z" fill="#00D6C3"/>
<path d="M35.4496 36.7916C32.7104 37.1307 29.9166 38.3213 28.2755 40.6407C26.5751 43.0431 26.4399 46.5555 28.0692 49.0385C31.2115 53.8315 38.1437 53.5114 42.1921 50.1816C44.5091 48.2844 46.3447 44.9807 45.2609 41.9593C44.2506 39.1513 41.5114 37.171 38.9904 35.8097C36.218 34.3133 32.8242 33.1654 31.1475 30.2958C29.6178 27.668 30.8368 24.7581 33.6472 23.7193C36.7042 22.5904 41.2078 23.6197 42.9581 26.5297C44.7652 29.5321 42.5336 32.4231 39.7019 33.616C38.1983 34.2492 38.7532 36.6801 40.3991 36.1465C43.0672 35.2904 45.638 33.7986 46.5297 30.9835C47.4428 28.102 46.1384 24.9099 43.8877 23.0339C39.5406 19.4125 31.1878 19.135 28.3063 24.7676C26.8834 27.5305 27.666 30.6231 29.5491 32.952C31.5317 35.4089 34.4962 36.6612 37.1903 38.1505C39.4481 39.398 42.8964 41.5372 41.9075 44.6131C41.1106 47.0843 38.554 48.9271 36.0022 49.1334C33.5737 49.3279 30.7847 48.1516 30.4574 45.4622C30.0495 42.1182 32.746 39.3482 35.6512 38.281C36.3864 38.0106 36.3627 36.6801 35.4496 36.7916V36.7916Z" fill="#00D6C3"/>
<path d="M171.411 201.222C176.026 201.018 180.636 200.747 185.244 200.458C187.882 200.29 191.548 199.664 191.596 196.31C191.636 193.464 188.437 192.656 186.793 194.83C185.726 196.253 185.996 198.089 186.482 199.671C186.895 201.008 187.4 202.517 189.015 202.645C192.601 202.946 195.848 199.611 196.533 196.334C196.6 196.05 196.453 195.759 196.184 195.646C195.915 195.532 195.603 195.63 195.447 195.876C194.544 197.335 195.013 199.464 196.633 200.226C198.317 201.018 200.28 199.891 200.757 198.186H199.623C200.048 200.596 203.62 200.069 205.315 200.045C208.873 199.991 212.404 199.932 215.947 199.849C216.516 199.834 216.519 198.964 215.947 198.962C213.174 198.943 210.401 198.936 207.628 198.94H203.698C202.785 198.94 200.954 199.083 200.757 197.864C200.658 197.264 199.775 197.349 199.623 197.864C199.313 198.921 198.023 199.687 196.989 199.049C196.099 198.506 195.971 197.285 196.479 196.46L195.395 196.002C195.109 197.455 194.36 198.778 193.26 199.77C192.286 200.645 190.211 201.905 188.826 201.409C187.988 201.106 187.706 199.694 187.49 198.945C187.23 198.037 187.028 197.007 187.36 196.099C188.017 194.28 190.564 194.093 190.571 196.301C190.583 199.905 184.879 199.552 182.493 199.728C178.803 200 175.113 200.271 171.425 200.598C171.039 200.631 171.024 201.231 171.425 201.212L171.411 201.222Z" fill="#00D6C3"/>
<path d="M172.715 209.326C175.04 209.612 177.504 209.484 179.735 208.718C180.613 208.417 182.107 207.243 180.921 206.29C180.013 205.578 179.437 207.027 179.595 207.751C179.984 209.527 181.998 209.314 183.354 208.963L182.823 208.431C182.548 210.215 184.72 210.419 186.006 210.329C189.153 210.113 192.298 209.835 195.442 209.589L214.318 208.097C214.849 208.054 214.854 207.222 214.318 207.262L198.511 208.486L190.725 209.091C189.872 209.157 183.428 210.156 183.656 208.661C183.694 208.512 183.651 208.353 183.542 208.244C183.432 208.135 183.274 208.092 183.124 208.13C182.675 208.273 182.208 208.359 181.737 208.384C181.385 208.461 181.02 208.337 180.788 208.061C180.411 207.886 180.267 207.573 180.361 207.113L180.124 207.767C179.874 207.896 179.612 208.001 179.342 208.078C178.925 208.216 178.502 208.331 178.073 208.424C176.317 208.811 174.508 208.901 172.723 208.69C172.319 208.647 172.327 209.271 172.723 209.318L172.715 209.326Z" fill="#00D6C3"/>
<path d="M178.156 217.033C185.367 218.116 192.706 218.023 199.887 216.756C200.382 216.668 200.174 215.911 199.678 215.999C192.63 217.268 185.426 217.413 178.334 216.428C177.94 216.372 177.767 216.974 178.168 217.033H178.156Z" fill="#00D6C3"/>
<path d="M87.9732 104.183C88.0183 102.158 87.3708 99.6272 86.1518 97.986C85.8696 97.6066 85.2032 97.8081 85.3407 98.3275C85.623 99.326 86.0902 100.284 86.4412 101.264C86.7922 102.243 87.0412 103.275 87.3898 104.261C87.4335 104.398 87.5694 104.484 87.712 104.465C87.8546 104.446 87.9628 104.327 87.9685 104.183H87.9732Z" fill="#373739"/>
<path d="M149.13 102.848C155.83 105.042 162.868 107.268 168.245 112.038C171.122 114.59 173.424 117.73 175.73 120.791C178.125 123.969 180.473 127.195 182.593 130.555C182.676 130.688 182.887 130.555 182.804 130.432C180.565 126.874 178.134 123.443 175.59 120.096C173.311 117.096 171.027 114.025 168.152 111.559C162.8 106.972 155.834 104.631 149.18 102.641C149.049 102.601 148.995 102.805 149.123 102.848H149.13Z" fill="#373739"/>
<path d="M89.8586 109.766C95.5339 106.208 101.655 103.258 108.058 101.266C110.627 100.424 113.272 99.8363 115.956 99.5109C117.87 99.3093 119.938 99.2382 121.759 99.9591C121.954 100.035 122.039 99.722 121.844 99.6437C120.08 98.9512 118.081 98.9892 116.224 99.1694C113.536 99.471 110.885 100.042 108.312 100.875C101.763 102.934 95.5209 105.865 89.7543 109.59C89.6452 109.661 89.7543 109.827 89.8586 109.766V109.766Z" fill="#373739"/>
<path d="M120.386 139.043L118.434 128.859C118.109 127.164 117.765 125.468 117.459 123.77C117.222 122.421 117.348 121.064 118.956 120.924C119.781 120.848 120.63 120.924 121.458 120.924C128.255 121 135.057 121.104 141.837 121.636C143.54 121.766 145.378 121.783 147.055 122.143C149.156 122.596 148.629 124.621 148.523 126.208C148.316 129.291 149.156 132.533 149.63 135.571C149.891 137.231 150.159 138.915 150.413 140.587C150.7 142.484 150.904 144.635 148.655 145.33C147.232 145.762 145.518 145.532 144.071 145.491C142.371 145.441 140.671 145.362 138.97 145.254C134.971 145 130.986 144.583 127.015 144.004C125.305 143.753 123.486 143.611 121.823 143.127C121.237 142.956 120.578 142.714 120.379 142.029C120.26 141.621 120.398 141.211 120.412 140.805C120.431 140.298 120.391 139.994 120.073 139.619C119.94 139.456 119.715 139.688 119.836 139.857C120.569 140.774 119.539 142.065 120.583 142.94C121.743 143.912 123.903 143.888 125.309 144.104C129.223 144.718 133.156 145.177 137.11 145.482C139.117 145.64 141.126 145.752 143.137 145.819C144.797 145.878 146.602 146.077 148.259 145.781C151.418 145.212 151.022 142.316 150.631 139.828L149.67 133.662C149.353 131.629 148.923 129.578 148.848 127.517C148.798 126.125 149.388 124.391 148.848 123.056C148.461 122.122 147.55 121.858 146.618 121.74C138.536 120.704 130.29 120.692 122.158 120.611C120.844 120.597 118.811 120.194 117.64 120.983C116.307 121.882 117.177 124.066 117.417 125.269C118.327 129.889 119.24 134.509 120.156 139.131C120.184 139.285 120.419 139.221 120.393 139.067L120.386 139.043Z" fill="#373739"/>
<path d="M120.289 139.475C121.958 137.338 123.781 135.325 125.744 133.453C126.372 132.856 127.942 130.927 128.827 131.148C129.301 131.267 130.136 132.381 130.518 132.739L132.209 134.333C132.275 134.397 132.38 134.397 132.446 134.333C136.292 130.102 140.296 125.961 143.974 121.583C144.097 121.439 143.9 121.232 143.763 121.372C141.225 123.981 138.854 126.751 136.411 129.436C135.242 130.724 134.132 132.248 132.827 133.396C132.289 133.871 132.339 133.871 131.763 133.451C131.403 133.158 131.063 132.841 130.745 132.502L128.708 130.605C128.646 130.545 128.547 130.545 128.485 130.605C125.385 133.202 122.583 136.137 120.132 139.354C120.064 139.442 120.22 139.565 120.289 139.475V139.475Z" fill="#373739"/>
<path d="M42.4479 200.026C42.5119 198.603 42.1609 197.107 40.9751 196.199C39.7301 195.25 37.7877 195.511 36.3316 195.67C35.3829 195.774 34.1971 196.213 34.3086 197.38C34.4248 198.746 35.9687 198.959 37.0288 198.914V197.868C36.5257 197.881 36.0579 198.129 35.7645 198.538C35.4711 198.947 35.3861 199.47 35.5347 199.951C35.8881 201.051 37.1782 201.336 38.1601 200.977C38.7719 200.755 38.5371 199.825 37.8873 199.988C37.4806 200.096 37.1457 200.385 36.9787 200.771C36.8118 201.157 36.8311 201.599 37.0312 201.969C37.5719 202.984 38.881 202.823 39.6708 202.237L38.9119 201.803C39.0091 202.837 39.436 203.714 40.6004 203.517C41.1388 203.427 41.0178 202.486 40.4724 202.557L39.9198 201.803C39.889 201.464 39.5 201.117 39.1609 201.366C38.9522 201.623 38.6968 201.645 38.3948 201.435C37.8114 201.454 37.7324 201.302 38.1577 200.977L37.885 199.988C37.6299 200.115 37.339 200.148 37.062 200.083C36.3695 199.479 36.3505 199.09 37.0264 198.914C37.6952 198.881 37.7 197.842 37.0264 197.868C36.3529 197.894 36.3363 198.027 36.092 197.33C35.8311 196.576 35.9972 196.739 36.6067 196.673C37.3071 196.601 38.0108 196.565 38.715 196.564C40.7973 196.564 41.6012 198.16 41.7981 200.026C41.8124 200.193 41.952 200.321 42.1194 200.321C42.2869 200.321 42.4265 200.193 42.4408 200.026H42.4479Z" fill="white"/>
<path d="M39.8557 202.457C38.1292 203 34.4769 203.84 34.4508 206.195C34.4318 207.713 36.4264 208.517 37.2303 207.099L36.3007 206.555C35.2809 208.396 38.0201 210.407 38.9403 208.408L38.0177 207.867C37.6904 208.578 37.5434 209.596 38.3592 210.051C39.111 210.469 39.9387 209.899 40.2731 209.221C40.6075 208.543 40.4012 207.772 40.8541 207.146C41.3071 206.52 42.0399 206.435 42.7514 206.178C43.859 205.787 44.8455 205.097 45.3602 204.006C45.6258 203.442 45.5784 203.019 45.6448 202.434C45.7705 201.366 46.3563 201.06 47.2077 200.515C47.784 200.15 48.4172 199.623 47.8717 198.902C47.2551 198.089 45.6875 198.046 44.7886 198.155C43.6341 198.293 42.5644 198.831 41.7648 199.675C41.2905 200.176 42.0376 200.935 42.5285 200.439C43.2187 199.716 44.1433 199.263 45.1372 199.158C45.5396 199.11 45.9474 199.133 46.342 199.225C46.5608 199.216 46.7657 199.332 46.8709 199.524L46.5223 199.716C46.0788 200.242 45.3175 200.477 44.893 201.075C44.5491 201.561 44.6226 201.95 44.6108 202.517C44.5704 204.789 42.583 204.905 40.9869 205.687C40.4836 205.902 40.0628 206.273 39.7869 206.745C39.6668 206.997 39.5868 207.266 39.5498 207.542C39.526 207.706 39.5071 207.869 39.4905 208.035C39.5838 208.642 39.4075 208.767 38.9616 208.408C39.2462 207.786 38.326 207.243 38.039 207.867C37.2359 208.104 36.9734 207.848 37.2517 207.099C37.5908 206.491 36.6659 205.951 36.322 206.555C35.5315 206.284 35.3544 205.946 35.7908 205.543C35.9467 205.234 36.2085 204.992 36.5283 204.86C36.8793 204.646 37.273 204.478 37.6382 204.298C38.4683 203.887 39.3173 203.506 40.1332 203.067C40.2741 202.981 40.3309 202.804 40.2669 202.652C40.2029 202.5 40.0372 202.417 39.877 202.457H39.8557Z" fill="white"/>
<path d="M42.384 205.695C42.2512 206.223 42.2986 206.88 42.7753 207.243C43.1832 207.547 43.8046 207.523 44.0678 207.049C44.168 206.878 44.1107 206.658 43.9397 206.558C43.7688 206.458 43.549 206.515 43.4488 206.686C43.3895 206.769 43.1714 206.643 43.1239 206.579C43.0482 206.461 43.0064 206.324 43.003 206.183C42.9864 206.019 42.965 205.858 42.9389 205.695C42.8939 205.408 42.448 205.434 42.384 205.695V205.695Z" fill="white"/>
<path d="M44.267 205.168C44.4022 205.979 45.3105 206.401 46.0599 206.223C46.5508 206.107 46.3374 205.325 45.8512 205.467C45.4235 205.567 44.9862 205.342 44.8196 204.936C44.6512 204.611 44.2148 204.855 44.267 205.173V205.168Z" fill="white"/>
<path d="M42.8395 199.614C42.9178 198.288 42.9652 196.768 43.7882 195.672C44.2075 195.153 44.7484 194.746 45.3629 194.486C45.5692 194.378 45.7851 194.289 46.008 194.221L46.442 195.044C46.442 195.298 45.6949 195.905 45.5337 196.094C45.3582 196.287 45.3653 196.584 45.5497 196.769C45.7341 196.953 46.0309 196.96 46.2238 196.785C46.3187 197.195 46.2238 197.446 45.9226 197.536L45.5052 197.719C44.9455 197.956 45.3511 198.831 45.9108 198.684C46.8594 198.435 47.8531 197.603 47.4997 196.507C47.227 195.653 46.0981 195.369 45.5337 196.094L46.2997 196.685C46.8641 195.907 47.9598 194.977 47.3361 193.894C46.8333 193.021 45.8017 193.312 45.076 193.656C42.6332 194.842 42.1897 197.081 42.2561 199.597C42.2561 199.757 42.3857 199.887 42.5455 199.887C42.7053 199.887 42.8348 199.757 42.8348 199.597L42.8395 199.614Z" fill="white"/>
</svg>
